config/jobs/kubernetes-sigs/kueue/kueue-presubmits-release-0-17.yaml
  h_47cee5fa694435 10,43,78,113,148,179,220,261,302,343,384,425,466,507,548,589,630,671,712,753,794,835,876,917,958,999,1040,1081,1122,1163,1204,1245,1286,1327,1368,1409,1450,1491,1532,1573,1609,1650,1681,1712,1748,1781,1812
config/jobs/kubernetes-sigs/kueue/kueue-presubmits-main.yaml
  h_47cee5fa694435 10,43,78,113,148,179,220,261,302,343,384,425,466,507,548,589,630,671,712,753,794,835,876,917,958,999,1040,1081,1122,1163,1204,1246,1287,1328,1369,1410,1451,1492,1533,1574,1610,1652,1683,1714,1750,1783,1814,1854,1887,1919,1957,1992
config/jobs/kubernetes-sigs/kueue/kueue-presubmits-release-0-18.yaml
  h_47cee5fa694435 10,43,78,113,148,179,220,261,302,343,384,425,466,507,548,589,630,671,712,753,794,835,876,917,958,999,1040,1081,1122,1163,1204,1245,1286,1327,1368,1409,1450,1491,1532,1573,1609,1651,1682,1713,1749,1782,1813,1853,1886,1918
---
{
  "schema_version": "authorship/3.0.0",
  "git_ai_version": "1.5.8",
  "base_commit_sha": "ef33ba6b8463edb679d4640c2f1b8351f347b13a",
  "prompts": {},
  "humans": {
    "h_47cee5fa694435": {
      "author": "Mykhailo Bobrovskyi <mikhail.bobrovsky@gmail.com>"
    }
  }
}